1.250000000000000000e+01 6.062177826491070398e+00
1.750000000000000000e+01 6.062177826491070398e+00
1.400000000000000000e+01 6.928203230275508773e+00
1.600000000000000000e+01 6.928203230275508773e+00
1.900000000000000000e+01 6.928203230275508773e+00
2.100000000000000000e+01 6.928203230275508773e+00
2.300000000000000000e+01 6.928203230275508773e+00
2.500000000000000000e+01 6.928203230275508773e+00
1.450000000000000000e+01 7.794228634059947147e+00
2.650000000000000000e+01 7.794228634059947147e+00
1.300000000000000000e+01 8.660254037844385522e+00
1.600000000000000000e+01 8.660254037844385522e+00
1.800000000000000000e+01 8.660254037844385522e+00
2.000000000000000000e+01 8.660254037844385522e+00
2.200000000000000000e+01 8.660254037844385522e+00
2.400000000000000000e+01 8.660254037844385522e+00
1.600000000000000000e+01 1.039230484541326405e+01
1.800000000000000000e+01 1.039230484541326405e+01
1.900000000000000000e+01 1.039230484541326405e+01
2.100000000000000000e+01 1.039230484541326405e+01
2.300000000000000000e+01 1.039230484541326405e+01
2.600000000000000000e+01 1.039230484541326405e+01
1.250000000000000000e+01 1.125833024919770153e+01
1.450000000000000000e+01 1.125833024919770153e+01
2.450000000000000000e+01 1.125833024919770153e+01
1.700000000000000000e+01 1.212435565298214080e+01
2.000000000000000000e+01 1.212435565298214080e+01
1.250000000000000000e+01 1.299038105676657828e+01
1.750000000000000000e+01 1.299038105676657828e+01
2.250000000000000000e+01 1.299038105676657828e+01
2.650000000000000000e+01 1.299038105676657828e+01
1.400000000000000000e+01 1.385640646055101755e+01
1.600000000000000000e+01 1.385640646055101755e+01
1.900000000000000000e+01 1.385640646055101755e+01
2.100000000000000000e+01 1.385640646055101755e+01
2.400000000000000000e+01 1.385640646055101755e+01
1.250000000000000000e+01 1.472243186433545681e+01
2.250000000000000000e+01 1.472243186433545681e+01
2.550000000000000000e+01 1.472243186433545681e+01
2.750000000000000000e+01 1.472243186433545681e+01
1.400000000000000000e+01 1.558845726811989429e+01
1.700000000000000000e+01 1.558845726811989429e+01
2.500000000000000000e+01 1.558845726811989429e+01
1.250000000000000000e+01 1.645448267190433356e+01
1.550000000000000000e+01 1.645448267190433356e+01
1.850000000000000000e+01 1.645448267190433356e+01
2.050000000000000000e+01 1.645448267190433356e+01
2.350000000000000000e+01 1.645448267190433356e+01
1.400000000000000000e+01 1.732050807568877104e+01
1.700000000000000000e+01 1.732050807568877104e+01
2.200000000000000000e+01 1.732050807568877104e+01
2.700000000000000000e+01 1.732050807568877104e+01
1.250000000000000000e+01 1.818653347947321208e+01
1.550000000000000000e+01 1.818653347947321208e+01
1.850000000000000000e+01 1.818653347947321208e+01
2.350000000000000000e+01 1.818653347947321208e+01
2.550000000000000000e+01 1.818653347947321208e+01
1.400000000000000000e+01 1.905255888325764957e+01
1.600000000000000000e+01 1.905255888325764957e+01
2.000000000000000000e+01 1.905255888325764957e+01
1.250000000000000000e+01 1.991858428704208706e+01
1.750000000000000000e+01 1.991858428704208706e+01
2.150000000000000000e+01 1.991858428704208706e+01
2.450000000000000000e+01 1.991858428704208706e+01
2.650000000000000000e+01 1.991858428704208706e+01
1.400000000000000000e+01 2.078460969082652809e+01
1.600000000000000000e+01 2.078460969082652809e+01
2.000000000000000000e+01 2.078460969082652809e+01
2.300000000000000000e+01 2.078460969082652809e+01
1.350000000000000000e+01 2.165063509461096558e+01
1.750000000000000000e+01 2.165063509461096558e+01
1.850000000000000000e+01 2.165063509461096558e+01
2.450000000000000000e+01 2.165063509461096558e+01
2.750000000000000000e+01 2.165063509461096558e+01
