2.800000000000000000e+01 1.039230484541326405e+01
3.100000000000000000e+01 1.039230484541326405e+01
3.400000000000000000e+01 1.039230484541326405e+01
3.900000000000000000e+01 1.039230484541326405e+01
4.800000000000000000e+01 1.039230484541326405e+01
5.000000000000000000e+01 1.039230484541326405e+01
5.200000000000000000e+01 1.039230484541326405e+01
5.700000000000000000e+01 1.039230484541326405e+01
5.900000000000000000e+01 1.039230484541326405e+01
2.650000000000000000e+01 1.169134295108992028e+01
2.950000000000000000e+01 1.169134295108992028e+01
3.250000000000000000e+01 1.169134295108992028e+01
3.550000000000000000e+01 1.169134295108992028e+01
3.750000000000000000e+01 1.169134295108992028e+01
4.050000000000000000e+01 1.169134295108992028e+01
4.250000000000000000e+01 1.169134295108992028e+01
4.450000000000000000e+01 1.169134295108992028e+01
4.650000000000000000e+01 1.169134295108992028e+01
5.450000000000000000e+01 1.169134295108992028e+01
2.800000000000000000e+01 1.299038105676657828e+01
3.100000000000000000e+01 1.299038105676657828e+01
3.400000000000000000e+01 1.299038105676657828e+01
3.900000000000000000e+01 1.299038105676657828e+01
4.800000000000000000e+01 1.299038105676657828e+01
5.000000000000000000e+01 1.299038105676657828e+01
5.300000000000000000e+01 1.299038105676657828e+01
5.900000000000000000e+01 1.299038105676657828e+01
2.950000000000000000e+01 1.428941916244323806e+01
3.250000000000000000e+01 1.428941916244323806e+01
3.550000000000000000e+01 1.428941916244323806e+01
3.750000000000000000e+01 1.428941916244323806e+01
4.150000000000000000e+01 1.428941916244323806e+01
4.350000000000000000e+01 1.428941916244323806e+01
4.550000000000000000e+01 1.428941916244323806e+01
5.150000000000000000e+01 1.428941916244323806e+01
5.450000000000000000e+01 1.428941916244323806e+01
5.650000000000000000e+01 1.428941916244323806e+01
2.700000000000000000e+01 1.558845726811989607e+01
3.100000000000000000e+01 1.558845726811989607e+01
4.000000000000000000e+01 1.558845726811989607e+01
4.700000000000000000e+01 1.558845726811989607e+01
5.000000000000000000e+01 1.558845726811989607e+01
5.300000000000000000e+01 1.558845726811989607e+01
5.800000000000000000e+01 1.558845726811989607e+01
2.550000000000000000e+01 1.688749537379655408e+01
2.850000000000000000e+01 1.688749537379655408e+01
3.350000000000000000e+01 1.688749537379655408e+01
3.550000000000000000e+01 1.688749537379655408e+01
3.750000000000000000e+01 1.688749537379655408e+01
4.550000000000000000e+01 1.688749537379655408e+01
4.850000000000000000e+01 1.688749537379655408e+01
5.450000000000000000e+01 1.688749537379655408e+01
5.650000000000000000e+01 1.688749537379655408e+01
2.700000000000000000e+01 1.818653347947321208e+01
3.200000000000000000e+01 1.818653347947321208e+01
4.100000000000000000e+01 1.818653347947321208e+01
4.300000000000000000e+01 1.818653347947321208e+01
4.700000000000000000e+01 1.818653347947321208e+01
5.100000000000000000e+01 1.818653347947321208e+01
5.300000000000000000e+01 1.818653347947321208e+01
5.800000000000000000e+01 1.818653347947321208e+01
2.950000000000000000e+01 1.948557158514986654e+01
3.350000000000000000e+01 1.948557158514986654e+01
3.750000000000000000e+01 1.948557158514986654e+01
3.950000000000000000e+01 1.948557158514986654e+01
4.550000000000000000e+01 1.948557158514986654e+01
4.850000000000000000e+01 1.948557158514986654e+01
5.450000000000000000e+01 1.948557158514986654e+01
5.650000000000000000e+01 1.948557158514986654e+01
2.700000000000000000e+01 2.078460969082652809e+01
3.100000000000000000e+01 2.078460969082652809e+01
3.600000000000000000e+01 2.078460969082652809e+01
3.800000000000000000e+01 2.078460969082652809e+01
4.400000000000000000e+01 2.078460969082652809e+01
4.700000000000000000e+01 2.078460969082652809e+01
5.100000000000000000e+01 2.078460969082652809e+01
5.300000000000000000e+01 2.078460969082652809e+01
2.850000000000000000e+01 2.208364779650318610e+01
3.150000000000000000e+01 2.208364779650318610e+01
3.450000000000000000e+01 2.208364779650318610e+01
3.950000000000000000e+01 2.208364779650318610e+01
4.250000000000000000e+01 2.208364779650318610e+01
4.550000000000000000e+01 2.208364779650318610e+01
4.850000000000000000e+01 2.208364779650318610e+01
5.450000000000000000e+01 2.208364779650318610e+01
5.650000000000000000e+01 2.208364779650318610e+01
5.850000000000000000e+01 2.208364779650318610e+01
2.700000000000000000e+01 2.338268590217984055e+01
3.000000000000000000e+01 2.338268590217984055e+01
3.300000000000000000e+01 2.338268590217984055e+01
3.700000000000000000e+01 2.338268590217984055e+01
4.100000000000000000e+01 2.338268590217984055e+01
4.700000000000000000e+01 2.338268590217984055e+01
5.100000000000000000e+01 2.338268590217984055e+01
5.300000000000000000e+01 2.338268590217984055e+01
5.700000000000000000e+01 2.338268590217984055e+01
2.850000000000000000e+01 2.468172400785650211e+01
3.450000000000000000e+01 2.468172400785650211e+01
3.850000000000000000e+01 2.468172400785650211e+01
4.350000000000000000e+01 2.468172400785650211e+01
4.550000000000000000e+01 2.468172400785650211e+01
4.950000000000000000e+01 2.468172400785650211e+01
5.550000000000000000e+01 2.468172400785650211e+01
5.850000000000000000e+01 2.468172400785650211e+01
3.000000000000000000e+01 2.598076211353315657e+01
3.200000000000000000e+01 2.598076211353315657e+01
3.600000000000000000e+01 2.598076211353315657e+01
4.100000000000000000e+01 2.598076211353315657e+01
4.700000000000000000e+01 2.598076211353315657e+01
5.100000000000000000e+01 2.598076211353315657e+01
5.400000000000000000e+01 2.598076211353315657e+01
2.650000000000000000e+01 2.727980021920981812e+01
3.450000000000000000e+01 2.727980021920981812e+01
3.750000000000000000e+01 2.727980021920981812e+01
3.950000000000000000e+01 2.727980021920981812e+01
4.350000000000000000e+01 2.727980021920981812e+01
4.550000000000000000e+01 2.727980021920981812e+01
4.850000000000000000e+01 2.727980021920981812e+01
5.250000000000000000e+01 2.727980021920981812e+01
5.750000000000000000e+01 2.727980021920981812e+01
2.800000000000000000e+01 2.857883832488647613e+01
3.100000000000000000e+01 2.857883832488647613e+01
3.600000000000000000e+01 2.857883832488647613e+01
4.200000000000000000e+01 2.857883832488647613e+01
4.600000000000000000e+01 2.857883832488647613e+01
5.100000000000000000e+01 2.857883832488647613e+01
5.600000000000000000e+01 2.857883832488647613e+01
2.550000000000000000e+01 2.987787643056313058e+01
2.950000000000000000e+01 2.987787643056313058e+01
3.250000000000000000e+01 2.987787643056313058e+01
3.450000000000000000e+01 2.987787643056313058e+01
3.750000000000000000e+01 2.987787643056313058e+01
4.050000000000000000e+01 2.987787643056313058e+01
4.450000000000000000e+01 2.987787643056313058e+01
4.750000000000000000e+01 2.987787643056313058e+01
5.250000000000000000e+01 2.987787643056313058e+01
5.450000000000000000e+01 2.987787643056313058e+01
5.850000000000000000e+01 2.987787643056313058e+01
2.700000000000000000e+01 3.117691453623979214e+01
3.600000000000000000e+01 3.117691453623979214e+01
3.900000000000000000e+01 3.117691453623979214e+01
4.300000000000000000e+01 3.117691453623979214e+01
4.600000000000000000e+01 3.117691453623979214e+01
4.900000000000000000e+01 3.117691453623979214e+01
5.100000000000000000e+01 3.117691453623979214e+01
5.700000000000000000e+01 3.117691453623979214e+01
2.550000000000000000e+01 3.247595264191645015e+01
2.850000000000000000e+01 3.247595264191645015e+01
3.150000000000000000e+01 3.247595264191645015e+01
3.450000000000000000e+01 3.247595264191645015e+01
3.750000000000000000e+01 3.247595264191645015e+01
4.150000000000000000e+01 3.247595264191645015e+01
4.750000000000000000e+01 3.247595264191645015e+01
5.350000000000000000e+01 3.247595264191645015e+01
5.550000000000000000e+01 3.247595264191645015e+01
5.850000000000000000e+01 3.247595264191645015e+01
3.000000000000000000e+01 3.377499074759310815e+01
3.300000000000000000e+01 3.377499074759310815e+01
4.000000000000000000e+01 3.377499074759310815e+01
4.400000000000000000e+01 3.377499074759310815e+01
4.900000000000000000e+01 3.377499074759310815e+01
5.100000000000000000e+01 3.377499074759310815e+01
5.500000000000000000e+01 3.377499074759310815e+01
2.550000000000000000e+01 3.507402885326975905e+01
2.750000000000000000e+01 3.507402885326975905e+01
3.150000000000000000e+01 3.507402885326975905e+01
3.350000000000000000e+01 3.507402885326975905e+01
3.650000000000000000e+01 3.507402885326975905e+01
4.250000000000000000e+01 3.507402885326975905e+01
4.550000000000000000e+01 3.507402885326975905e+01
4.750000000000000000e+01 3.507402885326975905e+01
5.250000000000000000e+01 3.507402885326975905e+01
5.650000000000000000e+01 3.507402885326975905e+01
5.850000000000000000e+01 3.507402885326975905e+01
2.600000000000000000e+01 3.637306695894642417e+01
3.000000000000000000e+01 3.637306695894642417e+01
3.500000000000000000e+01 3.637306695894642417e+01
3.800000000000000000e+01 3.637306695894642417e+01
4.400000000000000000e+01 3.637306695894642417e+01
4.800000000000000000e+01 3.637306695894642417e+01
5.100000000000000000e+01 3.637306695894642417e+01
5.400000000000000000e+01 3.637306695894642417e+01
3.150000000000000000e+01 3.767210506462308217e+01
3.350000000000000000e+01 3.767210506462308217e+01
3.950000000000000000e+01 3.767210506462308217e+01
4.150000000000000000e+01 3.767210506462308217e+01
4.650000000000000000e+01 3.767210506462308217e+01
4.950000000000000000e+01 3.767210506462308217e+01
5.250000000000000000e+01 3.767210506462308217e+01
5.450000000000000000e+01 3.767210506462308217e+01
5.650000000000000000e+01 3.767210506462308217e+01
5.850000000000000000e+01 3.767210506462308217e+01
2.600000000000000000e+01 3.897114317029973307e+01
2.800000000000000000e+01 3.897114317029973307e+01
3.000000000000000000e+01 3.897114317029973307e+01
3.500000000000000000e+01 3.897114317029973307e+01
3.700000000000000000e+01 3.897114317029973307e+01
4.000000000000000000e+01 3.897114317029973307e+01
4.500000000000000000e+01 3.897114317029973307e+01
4.800000000000000000e+01 3.897114317029973307e+01
5.100000000000000000e+01 3.897114317029973307e+01
3.250000000000000000e+01 4.027018127597639818e+01
4.150000000000000000e+01 4.027018127597639818e+01
4.350000000000000000e+01 4.027018127597639818e+01
4.950000000000000000e+01 4.027018127597639818e+01
5.250000000000000000e+01 4.027018127597639818e+01
5.550000000000000000e+01 4.027018127597639818e+01
2.600000000000000000e+01 4.156921938165305619e+01
2.900000000000000000e+01 4.156921938165305619e+01
3.400000000000000000e+01 4.156921938165305619e+01
3.600000000000000000e+01 4.156921938165305619e+01
3.800000000000000000e+01 4.156921938165305619e+01
4.000000000000000000e+01 4.156921938165305619e+01
4.500000000000000000e+01 4.156921938165305619e+01
4.700000000000000000e+01 4.156921938165305619e+01
5.100000000000000000e+01 4.156921938165305619e+01
5.400000000000000000e+01 4.156921938165305619e+01
5.800000000000000000e+01 4.156921938165305619e+01
2.750000000000000000e+01 4.286825748732970709e+01
3.050000000000000000e+01 4.286825748732970709e+01
3.250000000000000000e+01 4.286825748732970709e+01
4.150000000000000000e+01 4.286825748732970709e+01
4.550000000000000000e+01 4.286825748732970709e+01
4.850000000000000000e+01 4.286825748732970709e+01
5.250000000000000000e+01 4.286825748732970709e+01
5.650000000000000000e+01 4.286825748732970709e+01
5.950000000000000000e+01 4.286825748732970709e+01
2.900000000000000000e+01 4.416729559300637220e+01
3.500000000000000000e+01 4.416729559300637220e+01
3.800000000000000000e+01 4.416729559300637220e+01
4.000000000000000000e+01 4.416729559300637220e+01
4.300000000000000000e+01 4.416729559300637220e+01
4.700000000000000000e+01 4.416729559300637220e+01
5.000000000000000000e+01 4.416729559300637220e+01
5.400000000000000000e+01 4.416729559300637220e+01
5.700000000000000000e+01 4.416729559300637220e+01
