2.900000000000000000e+01 1.039230484541326405e+01
3.100000000000000000e+01 1.039230484541326405e+01
3.300000000000000000e+01 1.039230484541326405e+01
3.800000000000000000e+01 1.039230484541326405e+01
4.400000000000000000e+01 1.039230484541326405e+01
4.800000000000000000e+01 1.039230484541326405e+01
5.800000000000000000e+01 1.039230484541326405e+01
3.450000000000000000e+01 1.212435565298214080e+01
3.650000000000000000e+01 1.212435565298214080e+01
3.950000000000000000e+01 1.212435565298214080e+01
4.650000000000000000e+01 1.212435565298214080e+01
4.950000000000000000e+01 1.212435565298214080e+01
5.150000000000000000e+01 1.212435565298214080e+01
5.350000000000000000e+01 1.212435565298214080e+01
5.550000000000000000e+01 1.212435565298214080e+01
5.950000000000000000e+01 1.212435565298214080e+01
2.800000000000000000e+01 1.385640646055101755e+01
3.000000000000000000e+01 1.385640646055101755e+01
3.200000000000000000e+01 1.385640646055101755e+01
3.900000000000000000e+01 1.385640646055101755e+01
4.300000000000000000e+01 1.385640646055101755e+01
5.200000000000000000e+01 1.385640646055101755e+01
5.500000000000000000e+01 1.385640646055101755e+01
5.800000000000000000e+01 1.385640646055101755e+01
3.350000000000000000e+01 1.558845726811989429e+01
3.550000000000000000e+01 1.558845726811989429e+01
3.750000000000000000e+01 1.558845726811989429e+01
4.050000000000000000e+01 1.558845726811989429e+01
4.350000000000000000e+01 1.558845726811989429e+01
4.550000000000000000e+01 1.558845726811989429e+01
4.850000000000000000e+01 1.558845726811989429e+01
5.050000000000000000e+01 1.558845726811989429e+01
5.850000000000000000e+01 1.558845726811989429e+01
2.800000000000000000e+01 1.732050807568877104e+01
3.000000000000000000e+01 1.732050807568877104e+01
3.200000000000000000e+01 1.732050807568877104e+01
3.700000000000000000e+01 1.732050807568877104e+01
3.900000000000000000e+01 1.732050807568877104e+01
4.100000000000000000e+01 1.732050807568877104e+01
4.300000000000000000e+01 1.732050807568877104e+01
4.700000000000000000e+01 1.732050807568877104e+01
5.200000000000000000e+01 1.732050807568877104e+01
5.400000000000000000e+01 1.732050807568877104e+01
5.600000000000000000e+01 1.732050807568877104e+01
3.350000000000000000e+01 1.905255888325764957e+01
3.550000000000000000e+01 1.905255888325764957e+01
3.850000000000000000e+01 1.905255888325764957e+01
4.450000000000000000e+01 1.905255888325764957e+01
4.950000000000000000e+01 1.905255888325764957e+01
5.250000000000000000e+01 1.905255888325764957e+01
5.750000000000000000e+01 1.905255888325764957e+01
5.950000000000000000e+01 1.905255888325764957e+01
2.600000000000000000e+01 2.078460969082652809e+01
2.900000000000000000e+01 2.078460969082652809e+01
3.200000000000000000e+01 2.078460969082652809e+01
4.000000000000000000e+01 2.078460969082652809e+01
4.800000000000000000e+01 2.078460969082652809e+01
5.100000000000000000e+01 2.078460969082652809e+01
5.400000000000000000e+01 2.078460969082652809e+01
2.750000000000000000e+01 2.251666049839540307e+01
3.050000000000000000e+01 2.251666049839540307e+01
3.450000000000000000e+01 2.251666049839540307e+01
3.650000000000000000e+01 2.251666049839540307e+01
4.250000000000000000e+01 2.251666049839540307e+01
4.450000000000000000e+01 2.251666049839540307e+01
4.650000000000000000e+01 2.251666049839540307e+01
4.950000000000000000e+01 2.251666049839540307e+01
5.250000000000000000e+01 2.251666049839540307e+01
5.850000000000000000e+01 2.251666049839540307e+01
3.900000000000000000e+01 2.424871130596428159e+01
4.800000000000000000e+01 2.424871130596428159e+01
5.100000000000000000e+01 2.424871130596428159e+01
5.600000000000000000e+01 2.424871130596428159e+01
2.650000000000000000e+01 2.598076211353315657e+01
2.950000000000000000e+01 2.598076211353315657e+01
3.150000000000000000e+01 2.598076211353315657e+01
3.350000000000000000e+01 2.598076211353315657e+01
3.650000000000000000e+01 2.598076211353315657e+01
4.050000000000000000e+01 2.598076211353315657e+01
4.250000000000000000e+01 2.598076211353315657e+01
4.550000000000000000e+01 2.598076211353315657e+01
5.250000000000000000e+01 2.598076211353315657e+01
5.450000000000000000e+01 2.598076211353315657e+01
5.750000000000000000e+01 2.598076211353315657e+01
2.800000000000000000e+01 2.771281292110203509e+01
3.400000000000000000e+01 2.771281292110203509e+01
4.400000000000000000e+01 2.771281292110203509e+01
4.700000000000000000e+01 2.771281292110203509e+01
5.000000000000000000e+01 2.771281292110203509e+01
5.700000000000000000e+01 2.771281292110203509e+01
5.900000000000000000e+01 2.771281292110203509e+01
2.650000000000000000e+01 2.944486372867091362e+01
2.950000000000000000e+01 2.944486372867091362e+01
3.250000000000000000e+01 2.944486372867091362e+01
3.650000000000000000e+01 2.944486372867091362e+01
4.050000000000000000e+01 2.944486372867091362e+01
4.250000000000000000e+01 2.944486372867091362e+01
4.550000000000000000e+01 2.944486372867091362e+01
4.850000000000000000e+01 2.944486372867091362e+01
5.250000000000000000e+01 2.944486372867091362e+01
3.100000000000000000e+01 3.117691453623978859e+01
3.500000000000000000e+01 3.117691453623978859e+01
3.800000000000000000e+01 3.117691453623978859e+01
4.000000000000000000e+01 3.117691453623978859e+01
4.200000000000000000e+01 3.117691453623978859e+01
4.400000000000000000e+01 3.117691453623978859e+01
4.700000000000000000e+01 3.117691453623978859e+01
5.000000000000000000e+01 3.117691453623978859e+01
5.400000000000000000e+01 3.117691453623978859e+01
5.800000000000000000e+01 3.117691453623978859e+01
2.750000000000000000e+01 3.290896534380866711e+01
2.950000000000000000e+01 3.290896534380866711e+01
3.350000000000000000e+01 3.290896534380866711e+01
3.650000000000000000e+01 3.290896534380866711e+01
4.150000000000000000e+01 3.290896534380866711e+01
4.550000000000000000e+01 3.290896534380866711e+01
4.850000000000000000e+01 3.290896534380866711e+01
5.150000000000000000e+01 3.290896534380866711e+01
5.350000000000000000e+01 3.290896534380866711e+01
5.550000000000000000e+01 3.290896534380866711e+01
2.600000000000000000e+01 3.464101615137754209e+01
3.000000000000000000e+01 3.464101615137754209e+01
3.200000000000000000e+01 3.464101615137754209e+01
3.500000000000000000e+01 3.464101615137754209e+01
3.800000000000000000e+01 3.464101615137754209e+01
4.000000000000000000e+01 3.464101615137754209e+01
4.300000000000000000e+01 3.464101615137754209e+01
4.700000000000000000e+01 3.464101615137754209e+01
5.000000000000000000e+01 3.464101615137754209e+01
5.500000000000000000e+01 3.464101615137754209e+01
5.800000000000000000e+01 3.464101615137754209e+01
2.850000000000000000e+01 3.637306695894642417e+01
3.150000000000000000e+01 3.637306695894642417e+01
3.350000000000000000e+01 3.637306695894642417e+01
3.850000000000000000e+01 3.637306695894642417e+01
4.150000000000000000e+01 3.637306695894642417e+01
4.350000000000000000e+01 3.637306695894642417e+01
4.550000000000000000e+01 3.637306695894642417e+01
4.950000000000000000e+01 3.637306695894642417e+01
5.150000000000000000e+01 3.637306695894642417e+01
5.350000000000000000e+01 3.637306695894642417e+01
5.650000000000000000e+01 3.637306695894642417e+01
2.600000000000000000e+01 3.810511776651529914e+01
2.800000000000000000e+01 3.810511776651529914e+01
3.000000000000000000e+01 3.810511776651529914e+01
3.500000000000000000e+01 3.810511776651529914e+01
3.700000000000000000e+01 3.810511776651529914e+01
5.500000000000000000e+01 3.810511776651529914e+01
5.700000000000000000e+01 3.810511776651529914e+01
5.900000000000000000e+01 3.810511776651529914e+01
3.150000000000000000e+01 3.983716857408417411e+01
3.350000000000000000e+01 3.983716857408417411e+01
3.550000000000000000e+01 3.983716857408417411e+01
3.750000000000000000e+01 3.983716857408417411e+01
3.950000000000000000e+01 3.983716857408417411e+01
4.150000000000000000e+01 3.983716857408417411e+01
4.350000000000000000e+01 3.983716857408417411e+01
4.650000000000000000e+01 3.983716857408417411e+01
4.950000000000000000e+01 3.983716857408417411e+01
5.250000000000000000e+01 3.983716857408417411e+01
5.550000000000000000e+01 3.983716857408417411e+01
2.600000000000000000e+01 4.156921938165305619e+01
2.800000000000000000e+01 4.156921938165305619e+01
3.000000000000000000e+01 4.156921938165305619e+01
4.000000000000000000e+01 4.156921938165305619e+01
4.500000000000000000e+01 4.156921938165305619e+01
4.800000000000000000e+01 4.156921938165305619e+01
5.200000000000000000e+01 4.156921938165305619e+01
5.400000000000000000e+01 4.156921938165305619e+01
2.950000000000000000e+01 4.330127018922193116e+01
3.150000000000000000e+01 4.330127018922193116e+01
3.350000000000000000e+01 4.330127018922193116e+01
3.550000000000000000e+01 4.330127018922193116e+01
3.750000000000000000e+01 4.330127018922193116e+01
4.150000000000000000e+01 4.330127018922193116e+01
4.650000000000000000e+01 4.330127018922193116e+01
5.050000000000000000e+01 4.330127018922193116e+01
5.550000000000000000e+01 4.330127018922193116e+01
5.750000000000000000e+01 4.330127018922193116e+01
5.950000000000000000e+01 4.330127018922193116e+01
